19000:0
19001:32,33,6,10,13,15,15
19002:4,5,6,8,9,18,11
19003:13,17,20,21,22,27,1
19004:32,8,12,16,19,26,3
19005:32,21,22,26,28,31,7
19006:1,5,10,19,26,28,12
19007:6,10,14,15,19,23,15
19008:32,2,6,9,13,28,12
19009:32,1,7,10,22,31,15
19010:2,4,5,8,11,30,2
19011:10,13,19,21,24,30,7
19012:33,7,10,21,23,31,14
19013:5,7,14,16,18,21,1
19014:1,2,3,33,14,19,3
19015:11,15,16,20,24,31,4
19016:5,7,9,11,19,25,5
19017:33,4,5,24,28,30,9
19018:32,4,11,18,19,26,4
19019:3,11,17,18,24,25,6
19020:2,12,13,23,27,28,12
19021:2,5,7,8,20,27,4
19022:33,3,7,11,21,30,7
19023:1,10,14,15,18,31,13
19024:1,8,23,25,28,29,10
19025:33,15,16,21,27,30,4
19026:3,13,15,19,20,27,14
19027:2,6,8,10,11,17,13
19028:4,19,22,26,29,30,11
19029:32,33,8,11,17,23,10
19030:4,5,7,10,12,22,16
19031:33,3,13,15,18,21,16
19032:33,4,8,9,13,28,4
19033:9,15,19,21,23,29,15
19034:9,11,15,22,24,26,3
19035:1,5,7,9,10,20,16
19036:32,2,10,13,16,23,8
19037:1,7,12,14,18,25,10
19038:9,12,21,27,29,30,5
19039:32,6,7,11,14,27,8
19040:5,6,9,18,23,31,11
19041:2,9,13,23,24,26,16
19042:15,17,19,22,25,26,4
19043:32,1,6,12,13,24,13
19044:6,14,16,17,23,29,7
19045:1,6,17,19,27,31,14
19046:32,2,12,16,22,25,6
19047:33,3,11,18,25,30,14
19048:3,7,10,12,18,29,10
19049:3,10,13,22,23,28,15
19050:4,6,10,11,21,23,2
19051:8,9,10,13,15,28,9
19052:3,6,9,13,16,19,16
19053:4,16,22,25,29,31,8
19054:7,10,11,15,24,26,11
19055:1,6,11,15,19,31,10
19056:13,14,17,19,21,29,1
19057:4,5,6,8,13,18,16
19058:7,8,12,21,23,27,12
19059:4,5,7,9,16,18,6
19060:3,4,14,20,23,27,1
19061:3,17,19,24,27,31,12
19062:7,13,16,23,26,30,1
19063:1,14,19,22,29,31,16
19064:33,12,20,24,25,30,12
19065:6,9,11,15,20,26,10
19066:32,1,14,17,20,22,4
19067:33,4,6,8,11,30,11
19068:33,3,14,20,24,26,10
19069:6,11,16,19,21,25,1
19070:32,6,15,18,19,24,9
19071:1,8,19,24,29,30,4
19072:2,9,13,15,22,30,15
19073:1,2,6,12,16,18,8
19074:33,12,21,27,29,31,4
19075:33,5,8,20,22,31,3
19076:32,12,15,19,20,29,14
19077:9,11,13,18,21,22,15
19078:1,33,17,27,29,31,12
19079:1,3,6,9,19,31,16
19080:32,3,6,8,20,24,7
19081:32,5,24,27,29,31,10
19082:7,16,19,22,24,28,2
19083:6,15,17,26,28,31,3
19084:4,8,14,18,20,27,3
19085:1,4,14,18,24,29,4
19086:16,22,24,26,28,31,6
19087:4,5,7,9,21,30,4
19088:13,14,15,21,23,29,13
19089:2,4,14,16,20,22,11
19090:2,3,6,8,14,22,4
19091:32,7,10,21,24,29,11
19092:32,33,9,17,27,28,8
19093:5,7,8,9,20,22,2
19094:5,10,12,18,19,27,6
19095:2,5,14,19,21,28,1
19096:27,18,7,5,12,32,11
19097:3,5,18,24,25,31,9
19098:3,11,12,14,17,26,9
19099:7,14,22,23,27,30,8
19100:32,1,4,12,13,30,8
19101:1,33,4,9,21,31,5
19102:32,3,8,12,16,20,12
19103:4,12,14,21,27,29,12
19104:1,5,16,17,18,24,10
19105:33,2,13,15,17,26,1
19106:33,2,14,22,27,30,14
19107:32,2,6,8,23,27,2
19108:32,7,13,19,22,25,13
19109:3,6,7,17,28,31,10
19110:1,18,22,26,27,28,8
19111:33,7,18,20,22,24,1
19112:3,12,14,17,23,27,1
19113:1,33,5,19,21,25,15
19114:2,4,9,11,12,30,1
19115:4,10,11,14,15,29,5
19116:1,33,8,9,13,16,1
19117:32,33,3,5,11,28,1
19118:12,14,15,25,28,31,4
19119:33,4,20,22,24,26,7
19120:32,33,10,12,27,31,3
19121:2,6,15,21,30,31,2
19122:4,10,15,19,21,23,2
19123:2,6,8,17,28,30,6
19124:32,33,4,9,30,31,1
19125:2,11,12,26,27,29,3
19126:32,33,2,14,17,29,16
19127:2,6,7,12,17,24,10
19128:3,8,12,16,17,19,8
19129:3,4,7,9,15,26,7
19130:32,1,7,9,11,24,16
19131:9,17,19,20,24,31,4
19132:33,4,6,11,14,19,7
19133:3,7,16,21,24,31,7
19134:1,4,6,22,29,30,3
19135:33,3,6,10,11,27,3
19136:33,12,14,15,17,29,12
19137:7,10,13,19,23,31,6
19138:32,2,6,12,30,31,11
19139:33,8,14,20,23,30,11
19140:2,4,9,11,14,22,5
19141:33,10,13,14,15,17,14
19142:33,8,14,24,27,29,9
19143:32,5,13,15,16,26,9
19144:2,12,15,19,27,30,3
19145:1,8,13,17,18,19,16
19146:32,1,4,10,12,30,14
